0100
0010
1000
1000
0010
0001
1000
1000
0010
0001
0100
0010
0001
0010
0100
0100
0100
0010
0001
1000
0100
0010
1000
0001
0010
0010
0001
0100
1000
0010
0001
0001
0100
0010
1000
0100
0010
1000
0010
0010
0100
1001
0110
0010
1000
0100
0001
0010
1000
0010
0001
0100
0100
0010
1000
0001
0010
0100
0001
0010
1010
1001
0011
0010
1000
0010
0001
0100
0010
1000
0010
0010
1000
1000
0100
0010
0001
0100
1010
0010
1000
0100
0010
0001
0100
0010
1000
0100
0010
0001
0100
0010
1100
0101
1001
0010
1000
0100
0010
1000
0010
0001
0100
0101
1010
0100
0010
1000
0010
0001
0100
1001
0110
0010
1000
0001
0010
0100
0010
1000
0100
0001
0100
0010
1000
0010
0001
0100
1010
1001
0101
0010
1000
0100
0010
0001
1010
0100
0010
0001
0100
0010
1001
0101
0110
0010
0001
0100
0010
1000
0100
0010
0001
0001
0001
0010
1000
0100
0010
0001
1101
0010
1000
0100
0010
0001
0010
1000
0100
0010
0001
0010
0100
1000
1100
0011
0110
1000
0010
0001
0100
0010
1000
0010
0001
0100
0010
1000
0001
0001
0010
1001
0110
0010
1000
0010
0001
0100
0100
0010
0001
0010
1000
0100
0010
0001
1010
0110
1001
0010
0100
0010
0010
0010
0010
1101
0010
0100
0100
0001
0010
1000
0100
0010
0001
0100
1010
0101
0010
0100
0001
1000
0100
0010
0001
0100
1000
0001
0001
0010
001
0100
0100
0001
0010
1000
1010
1001
0011
1010
0101
1101
0011
1001
0110
1010
0101
0101
0001
0010
1000
1010
0101
1100
0011
1001
0110
0101
1010
1011
0001
0010
0100
1000
0100
0001
0010
1000
0100
0010
0001
0100
0100
0010
0010
1101
0001
0010
0100
1000
0010
0001
0100
0010
1000
0010
0001
0100
0001
0001
0100
1010
0010
0001
0100
0010
1000
0010
0001
0100
0010
1000
0100
0010
0010
0100
1001
0110
0010
0001
0100
0010
1000
0100
0100
0001
0100
0010
0010
0100
1000
0010
0001
1100
0010
1000
0100
0010
0001
0100
1010
0010
0001
1000
0010
0100
0001
0010
1100
0100
1000
0010
0001
0100
0010
0010
0010
0100
0010
1000
0001
0010
0100
1000
0001
0110
1001
0010
0001
1000
0100
0010
0001
0001
0001
0010
0100
1000
0010
0001
0100
1010
0010
0010
0001
1000
0100
0010
0001
0100
0010
1000
0100
0010
0001
0100
1010
0010
0101
0010
0001
0100
1000
0001